{
  "advancedEditorSelectedIdentifier" : "ProjectBrowser",
  "openSceneRelativePaths" : [
    "Scene.usda",
    "AudioController.usda",
    "MagicSparkle.usda"
  ],
  "recentIdentifiers" : {
    "39B80810-1ED6-45A3-B4A0-D55C891D64E4" : [

    ],
    "9A27D03A-75B2-4885-A13F-ECB83D128892" : [

    ],
    "B6417D79-D52C-4643-A534-7606FB527996" : [

    ]
  },
  "sceneCameraHistory" : {
    "2EE36010-D204-4689-B0C7-20BF1710BB27" : [
      {
        "date" : 770140573.692316,
        "title" : "Untitled",
        "transform" : [
          0.9993364,
          2.3953062e-08,
          -0.036425915,
          0,
          0.0031931377,
          0.9961503,
          0.08760363,
          0,
          0.036285635,
          -0.08766174,
          0.99548924,
          0,
          0.0047583827,
          0.11093458,
          0.37237746,
          1
        ]
      },
      {
        "date" : 770140563.075899,
        "title" : "Untitled",
        "transform" : [
          0.74784905,
          2.4602436e-08,
          0.66386884,
          0,
          0.20993185,
          0.94868433,
          -0.2364885,
          0,
          -0.629802,
          0.31622496,
          0.7094726,
          0,
          -0.20398743,
          0.250002,
          0.21652296,
          1
        ]
      },
      {
        "date" : 770140547.975572,
        "title" : "Untitled",
        "transform" : [
          0.9997785,
          1.3463167e-10,
          0.021045085,
          0,
          -0.005180735,
          0.9692258,
          0.24611911,
          0,
          -0.020397453,
          -0.24617358,
          0.9690112,
          0,
          -0.016915018,
          0.049834646,
          0.38499928,
          1
        ]
      },
      {
        "date" : 770140535.749351,
        "title" : "Untitled",
        "transform" : [
          0.9999913,
          -2.305077e-10,
          0.0041780695,
          0,
          -4.8496757e-05,
          0.99993265,
          0.011609789,
          0,
          -0.0041778004,
          -0.0116098095,
          0.999924,
          0,
          -0.010324585,
          0.13894182,
          0.36274317,
          1
        ]
      },
      {
        "date" : 770140520.13363,
        "title" : "Untitled",
        "transform" : [
          0.9999913,
          -5.8130528e-11,
          0.004178069,
          0,
          0.003826382,
          0.40158197,
          -0.91581506,
          0,
          -0.0016778494,
          0.91582316,
          0.40157843,
          0,
          -0.008867072,
          0.38822964,
          0.013897756,
          1
        ]
      },
      {
        "date" : 770138500.970259,
        "title" : "Untitled",
        "transform" : [
          0.999992,
          1.1737618e-09,
          0.003986314,
          0,
          -0.00053612574,
          0.9909144,
          0.1344929,
          0,
          -0.003950107,
          -0.1344939,
          0.9909065,
          0,
          -0.011436867,
          0.13691613,
          0.38299763,
          1
        ]
      },
      {
        "date" : 770138411.734722,
        "title" : "Untitled",
        "transform" : [
          0.99917835,
          1.3012347e-09,
          0.04052829,
          0,
          0.002073339,
          0.99869055,
          -0.051115554,
          0,
          -0.04047523,
          0.05115767,
          0.99787,
          0,
          -0.024131231,
          0.205419,
          0.35040656,
          1
        ]
      },
      {
        "date" : 770138368.572908,
        "title" : "Untitled",
        "transform" : [
          0.99997205,
          -3.2100822e-11,
          0.0074934177,
          0,
          0.005565896,
          0.6695468,
          -0.7427491,
          0,
          -0.0050171986,
          0.74276996,
          0.66952795,
          0,
          -0.010679812,
          0.3935798,
          0.10268861,
          1
        ]
      },
      {
        "date" : 770138259.132287,
        "title" : "Untitled",
        "transform" : [
          0.99995583,
          1.8256315e-10,
          -0.009407255,
          0,
          -0.00091004535,
          0.9953097,
          -0.096735604,
          0,
          0.009363125,
          0.096739896,
          0.9952656,
          0,
          -0.0066984817,
          0.22124799,
          0.34142134,
          1
        ]
      },
      {
        "date" : 770138076.832297,
        "title" : "Untitled",
        "transform" : [
          0.99995583,
          1.8256315e-10,
          -0.009407255,
          0,
          -0.00091004535,
          0.9953097,
          -0.096735604,
          0,
          0.009363125,
          0.096739896,
          0.9952656,
          0,
          0.0010250006,
          0.20371287,
          0.34305307,
          1
        ]
      }
    ],
    "39B80810-1ED6-45A3-B4A0-D55C891D64E4" : [
      {
        "date" : 770133464.121574,
        "title" : "Untitled",
        "transform" : [
          0.2841859,
          -1.8952383e-08,
          -0.9587692,
          0,
          -0.5156259,
          0.84307253,
          -0.1528349,
          0,
          0.80831224,
          0.5377996,
          0.23958912,
          0,
          0.25203624,
          0.20544165,
          0.073530264,
          1
        ]
      },
      {
        "date" : 770133451.787726,
        "title" : "Untitled",
        "transform" : [
          0.28317115,
          -1.998083e-08,
          -0.9590694,
          0,
          -0.4906108,
          0.8592542,
          -0.14485568,
          0,
          0.8240846,
          0.51154864,
          0.24331579,
          0,
          0.2580695,
          0.1972488,
          0.07502194,
          1
        ]
      },
      {
        "date" : 770133435.408123,
        "title" : "Untitled",
        "transform" : [
          0.007923421,
          -1.4825559e-08,
          -0.9999686,
          0,
          -0.9019161,
          0.43185222,
          -0.007146293,
          0,
          0.4318389,
          0.90194434,
          0.003421494,
          0,
          0.11443652,
          0.3131126,
          -0.00021986861,
          1
        ]
      },
      {
        "date" : 770133424.847295,
        "title" : "Untitled",
        "transform" : [
          0.007923421,
          -1.4923625e-08,
          -0.9999686,
          0,
          -0.42741057,
          0.9040513,
          -0.0033864744,
          0,
          0.90402293,
          0.42742372,
          0.007162932,
          0,
          0.2863081,
          0.17076771,
          0.0011419873,
          1
        ]
      },
      {
        "date" : 770133419.705701,
        "title" : "Untitled",
        "transform" : [
          -0.0064074295,
          -1.4911825e-08,
          -0.99997944,
          0,
          0.0753279,
          0.99715877,
          -0.0004824833,
          0,
          0.9971382,
          -0.0753297,
          -0.0063894694,
          0,
          0.33328176,
          0.006920463,
          -0.0032621343,
          1
        ]
      },
      {
        "date" : 770133409.875997,
        "title" : "Untitled",
        "transform" : [
          0.05635895,
          -1.5033107e-08,
          -0.9984106,
          0,
          -0.17334267,
          0.98481303,
          -0.009784778,
          0,
          0.9832478,
          0.17361836,
          0.05550278,
          0,
          0.32078382,
          0.08913312,
          0.016979437,
          1
        ]
      },
      {
        "date" : 770133408.193232,
        "title" : "Untitled",
        "transform" : [
          0.2511012,
          -1.5005092e-08,
          -0.96796083,
          0,
          -0.17426553,
          0.98366046,
          -0.045206472,
          0,
          0.952145,
          0.18003336,
          0.2469981,
          0,
          0.31065288,
          0.091224894,
          0.079423375,
          1
        ]
      },
      {
        "date" : 770133329.096427,
        "title" : "Untitled",
        "transform" : [
          0.3646085,
          6.5642842e-09,
          -0.93116087,
          0,
          -0.6930074,
          0.66791207,
          -0.2713561,
          0,
          0.6219338,
          0.74424,
          0.24352625,
          0,
          0.18460381,
          0.26833776,
          0.07107421,
          1
        ]
      },
      {
        "date" : 770133302.78453,
        "title" : "Untitled",
        "transform" : [
          0.031980786,
          5.972602e-09,
          -0.9994885,
          0,
          -0.44689453,
          0.8944723,
          -0.014299171,
          0,
          0.8940149,
          0.447123,
          0.028605673,
          0,
          0.23465963,
          0.14708084,
          0.006571774,
          1
        ]
      },
      {
        "date" : 770133279.638708,
        "title" : "Untitled",
        "transform" : [
          0.31157145,
          8.498713e-09,
          -0.95022273,
          0,
          -0.92939806,
          0.20820934,
          -0.304743,
          0,
          0.1978456,
          0.97808427,
          0.06487189,
          0,
          0.030125795,
          0.27523524,
          0.008892798,
          1
        ]
      }
    ],
    "9A27D03A-75B2-4885-A13F-ECB83D128892" : [
      {
        "date" : 769621350.766753,
        "title" : "Untitled",
        "transform" : [
          1,
          0,
          -0,
          0,
          -0,
          0.7071069,
          -0.7071067,
          0,
          0,
          0.7071067,
          0.7071069,
          0,
          0,
          0.10531057,
          0.10531061,
          1
        ]
      },
      {
        "date" : 769621348.836415,
        "title" : "Untitled",
        "transform" : [
          1,
          0,
          -0,
          0,
          -0,
          0.7071069,
          -0.7071067,
          0,
          0,
          0.7071067,
          0.7071069,
          0,
          1.8626451e-09,
          0.105310574,
          0.10531061,
          1
        ]
      },
      {
        "date" : 769621345.461602,
        "title" : "Untitled",
        "transform" : [
          1,
          0,
          -0,
          0,
          -0,
          0.7071069,
          -0.7071067,
          0,
          0,
          0.7071067,
          0.7071069,
          0,
          0,
          0.10531044,
          0.10531044,
          1
        ]
      }
    ],
    "B6417D79-D52C-4643-A534-7606FB527996" : [
      {
        "date" : 769440934.829097,
        "title" : "Untitled",
        "transform" : [
          0.9975025,
          -7.695571e-09,
          -0.07063204,
          0,
          -0.035310883,
          0.86606735,
          -0.49867877,
          0,
          0.06117211,
          0.49992737,
          0.8639043,
          0,
          0.027298473,
          0.2230959,
          0.3855231,
          1
        ]
      },
      {
        "date" : 769440926.103657,
        "title" : "Untitled",
        "transform" : [
          0.99750245,
          1.0468691e-09,
          -0.07063202,
          0,
          -0.03320478,
          0.8826081,
          -0.4689354,
          0,
          0.062340427,
          0.47010952,
          0.8804037,
          0,
          0.026894161,
          0.2022238,
          0.37981352,
          1
        ]
      },
      {
        "date" : 769440918.520432,
        "title" : "Untitled",
        "transform" : [
          1,
          0,
          -0,
          0,
          -0,
          0.8598808,
          -0.5104949,
          0,
          0,
          0.5104949,
          0.8598808,
          0,
          0,
          0.21964699,
          0.37098688,
          1
        ]
      },
      {
        "date" : 769440874.75016,
        "title" : "Untitled",
        "transform" : [
          1,
          0,
          0,
          0,
          0,
          0.7071069,
          -0.70710677,
          0,
          0,
          0.70710677,
          0.7071069,
          0,
          0,
          0.2779753,
          0.27797538,
          1
        ]
      },
      {
        "date" : 769440851.679099,
        "title" : "Untitled",
        "transform" : [
          1,
          0,
          0,
          0,
          0,
          0.7071069,
          -0.70710677,
          0,
          0,
          0.70710677,
          0.7071069,
          0,
          0,
          1.1117501,
          1.1117502,
          1
        ]
      }
    ],
    "D66134B1-3681-4A8E-AFE5-29F257229F3B" : [
      {
        "date" : 770131414.851333,
        "title" : "Untitled",
        "transform" : [
          0.99998605,
          -1.5086234e-08,
          -0.005283756,
          0,
          -0.0009527691,
          0.98360556,
          -0.1803305,
          0,
          0.0051970463,
          0.18033303,
          0.98359185,
          0,
          0.0014327865,
          0.052824434,
          0.2878196,
          1
        ]
      },
      {
        "date" : 770131406.323213,
        "title" : "Untitled",
        "transform" : [
          0.9614175,
          -1.4997914e-08,
          0.2750936,
          0,
          0.11602976,
          0.9066969,
          -0.4055092,
          0,
          -0.24942659,
          0.4217828,
          0.8717143,
          0,
          -0.0580016,
          0.09808121,
          0.20279609,
          1
        ]
      },
      {
        "date" : 769604590.752072,
        "title" : "Untitled",
        "transform" : [
          0.9614174,
          -1.4997912e-08,
          0.27509356,
          0,
          0.11602976,
          0.9066969,
          -0.4055092,
          0,
          -0.24942659,
          0.4217828,
          0.8717143,
          0,
          -0.074320115,
          0.12567596,
          0.2597394,
          1
        ]
      },
      {
        "date" : 769604585.857919,
        "title" : "Untitled",
        "transform" : [
          0.9033891,
          -1.4739374e-08,
          -0.4288218,
          0,
          -0.20861056,
          0.8736952,
          -0.43947524,
          0,
          0.37465942,
          0.48647395,
          0.7892867,
          0,
          0.111634985,
          0.1449516,
          0.23517895,
          1
        ]
      },
      {
        "date" : 769604579.595012,
        "title" : "Untitled",
        "transform" : [
          0.8994788,
          -8.905555e-09,
          -0.4369644,
          0,
          -0.11321647,
          0.9658511,
          -0.23305298,
          0,
          0.42204243,
          0.25909787,
          0.8687626,
          0,
          0.1257534,
          0.07720174,
          0.2588599,
          1
        ]
      },
      {
        "date" : 769604570.468485,
        "title" : "Untitled",
        "transform" : [
          0.9384117,
          -1.08499725e-08,
          -0.3455189,
          0,
          -0.117143385,
          0.9407733,
          -0.31815562,
          0,
          0.3250548,
          0.3390363,
          0.8828328,
          0,
          0.0968546,
          0.10102051,
          0.2630523,
          1
        ]
      },
      {
        "date" : 769444426.121292,
        "title" : "Untitled",
        "transform" : [
          0.9925559,
          -8.519101e-09,
          -0.12179067,
          0,
          -0.04921895,
          0.91470253,
          -0.40111935,
          0,
          0.111402065,
          0.4041278,
          0.9078933,
          0,
          0.033193808,
          0.120415434,
          0.27051944,
          1
        ]
      },
      {
        "date" : 769444416.632897,
        "title" : "Untitled",
        "transform" : [
          0.9818988,
          -7.598028e-09,
          0.18940715,
          0,
          0.09157673,
          0.87534904,
          -0.47473964,
          0,
          -0.16579735,
          0.48349154,
          0.859504,
          0,
          -0.056540776,
          0.16488186,
          0.29311094,
          1
        ]
      },
      {
        "date" : 769444403.369883,
        "title" : "Untitled",
        "transform" : [
          0.99915767,
          -5.0218394e-09,
          0.04103814,
          0,
          0.014557382,
          0.93496937,
          -0.35442966,
          0,
          -0.03836938,
          0.35472855,
          0.9341817,
          0,
          -0.013084871,
          0.12097067,
          0.31857774,
          1
        ]
      },
      {
        "date" : 769444363.454314,
        "title" : "Untitled",
        "transform" : [
          0.98752016,
          -4.9120596e-09,
          0.15749282,
          0,
          0.04872914,
          0.9509302,
          -0.30554423,
          0,
          -0.14976464,
          0.30940562,
          0.9390627,
          0,
          -0.051073246,
          0.105514504,
          0.32024223,
          1
        ]
      }
    ]
  },
  "sceneViewportBackgroundColors" : {

  },
  "selectedSceneRelativePath" : "MagicSparkle.usda"
}